Num = [ 4.28246371916012E-05
 5.08733079442979E-05
 5.88429788875923E-05
 6.66983638491578E-05
 7.44042168347379E-05
 8.19254835122085E-05
 8.92274536385465E-05
 9.62759137934929E-05
 1.0303729977533E-04
 1.09478848008418E-04
 1.15568745309049E-04
 1.21276276355731E-04
 1.26571968212388E-04
 1.31427731257981E-04
 1.35816995883919E-04
 1.39714844331195E-04
 1.43098137052507E-04
 1.45945633000657E-04
 1.48238103263245E-04
 1.49958437484992E-04
 1.5109174254297E-04
 1.51625432966368E-04
 1.51549312621316E-04
 1.50855647212354E-04
 1.49539227185544E-04
 1.47597420653669E-04
 1.45030216001408E-04
 1.41840253867669E-04
 1.38032848243262E-04
 1.33615996464648E-04
 1.28600377928464E-04
 1.22999341396682E-04
 1.16828880808533E-04
 1.10107599562439E-04
 0.000102856663279
 9.50997411044584E-05
 8.68629356626415E-05
 7.81747018122006E-05
 6.90657544146101E-05
 5.95689653667992E-05
 4.97192502001984E-05
 3.95534445952122E-05
 2.9110171206465E-05
 1.8429697239421E-05
 7.55378326294179E-06
 -3.47447621516665E-06
 -1.46108198417546E-05
 -2.58099935742563E-05
 -3.70259312552063E-05
 -4.82119409269004E-05
 -5.93208961754314E-05
 -7.03054317635431E-05
 -8.1118142784651E-05
 -9.17117865461148E-05
 -1.02039486368545E-04
 -1.12054936469721E-04
 -1.21712607086664E-04
 -1.30967948977705E-04
 -1.3977759643803E-04
 -1.48099567957302E-04
 -1.55893463646582E-04
 -1.63120658563978E-04
 -1.69744491074209E-04
 -1.75730445386686E-04
 -1.81046327429747E-04
 -1.85662433235278E-04
 -1.89551709028194E-04
 -1.92689902239021E-04
 -1.95055702685047E-04
 -1.96630873196231E-04
 -1.97400368996054E-04
 -1.97352445184784E-04
 -1.96478751713015E-04
 -1.94774415276793E-04
 -1.9223810761187E-04
 -1.88872099713697E-04
 -1.84682301561281E-04
 -1.79678286977001E-04
 -1.73873303310607E-04
 -1.67284265693752E-04
 -1.59931735671319E-04
 -1.51839884077297E-04
 -1.43036438085774E-04
 -1.33552612431531E-04
 -1.23423024859536E-04
 -1.12685595928009E-04
 -1.01381433355512E-04
 -8.95547011683866E-05
 -7.72524739705487E-05
 -6.45245767229629E-05
 -5.14234104846917E-05
 -3.80037646310721E-05
 -2.43226161269918E-05
 -1.04389164941777E-05
 3.58663282938947E-06
 1.7691815982622E-05
 3.18131482167768E-05
 4.58861306105027E-05
 5.98455130520679E-05
 7.36255645296053E-05
 8.71603497266687E-05
 1.00384010880241E-04
 1.13231053821804E-04
 1.2563663708932E-04
 1.37536862969235E-04
 1.48869069302944E-04
 1.59572120871856E-04
 1.69586699159241E-04
 1.78855589275699E-04
 1.87323962828335E-04
 1.94939655511749E-04
 2.01653438201733E-04
 2.07419280340264E-04
 2.12194604412881E-04
 2.15940530337032E-04
 2.18622108602288E-04
 2.20208541030565E-04
 2.20673388056535E-04
 2.19994761465245E-04
 2.18155501565466E-04
 2.15143337823428E-04
 2.10951032032145E-04
 2.05576503146485E-04
 1.99022932973227E-04
 1.91298851968448E-04
 1.82418204461539E-04
 1.72400392695652E-04
 1.61270299148347E-04
 1.49058286673242E-04
 1.35800176083473E-04
 1.21537200880342E-04
 1.06315938915486E-04
 9.01882208618839E-05
 7.3211015457747E-05
 5.54462915775229E-05
 3.69608572754964E-05
 1.78261760395272E-05
 -1.88183941506099E-06
 -2.20830553888597E-05
 -4.26933669641362E-05
 -6.3624968686398E-05
 -8.47866454644655E-05
 -1.0608408290236E-04
 -1.27420196188597E-04
 -1.48695476582806E-04
 -1.69808354456269E-04
 -1.90655577762436E-04
 -2.1113260473594E-04
 -2.31134009544534E-04
 -2.50553899547987E-04
 -2.69286342751614E-04
 -2.87225803980087E-04
 -3.04267588239787E-04
 -3.20308289685427E-04
 -3.35246244559359E-04
 -0.00034898198643
 -3.61418702019527E-04
 -3.72462685880474E-04
 -3.82023792156452E-04
 -3.90015881643907E-04
 -3.96357262359973E-04
 -4.00971121815986E-04
 -4.03785949197418E-04
 -4.04735945658732E-04
 -4.03761420956241E-04
 -4.0080917466327E-04
 -3.95832860239993E-04
 -3.887933302651E-04
 -3.7965896117793E-04
 -3.68405955927866E-04
 -3.55018622982496E-04
 -3.39489630207183E-04
 -3.21820232196143E-04
 -3.02020469708735E-04
 -2.80109339944222E-04
 -2.56114936473554E-04
 -2.30074557737554E-04
 -2.02034783116926E-04
 -1.72051515680589E-04
 -1.40189990824525E-04
 -1.06524750123432E-04
 -7.11395798315509E-05
 -3.41274135868206E-05
 4.40980100646879E-06
 4.43612721173978E-05
 8.56075698249567E-05
 1.28020868597345E-04
 1.71465225929825E-04
 2.1579689682558E-04
 2.60864683671931E-04
 3.06510320931872E-04
 3.52568893938693E-04
 3.98869290949846E-04
 4.45234687485794E-04
 4.91483061850674E-04
 5.37427740604808E-04
 5.82877972634799E-04
 6.27639530345658E-04
 6.71515336381571E-04
 7.14306114167982E-04
 7.55811060458092E-04
 7.95828537962096E-04
 8.34156786037882E-04
 8.70594647327984E-04
 9.04942308139597E-04
 9.37002050282932E-04
 9.66579012008358E-04
 9.93481955615029E-04
 1.01752403924339E-03
 1.03852359031126E-03
 1.0563048780086E-03
 1.07069888222951E-03
 1.08154405629195E-03
 1.08868708077642E-03
 0.001091983605804
 1.09129897907256E-03
 1.08650895697721E-03
 1.07750039615763E-03
 1.06417192284021E-03
 1.04643457737799E-03
 1.02421243143521E-03
 9.97443175316006E-04
 9.66078672999323E-04
 9.30085482512585E-04
 8.89445339356675E-04
 8.44155600782973E-04
 7.9422964881992E-04
 7.39697250051463E-04
 6.80604870262481E-04
 6.17015942186645E-04
 5.49011084719806E-04
 4.76688272096555E-04
 4.00162951668706E-04
 3.19568109071697E-04
 2.35054279717865E-04
 1.46789505713807E-04
 5.49592374620118E-05
 -4.02338206256514E-05
 -1.38569920703963E-04
 -2.39812538586837E-04
 -3.43708697406129E-04
 -4.49989347707374E-04
 -5.58369803672222E-04
 -6.68550234975467E-04
 -7.80216213602315E-04
 -8.93039314769413E-04
 -1.00667777091185E-03
 -1.12077717751837E-03
 -1.2349712494191E-03
 -1.34888262595462E-03
 -1.46212372328309E-03
 -1.57429763191353E-03
 -1.68499905738947E-03
 -1.79381530188763E-03
 -1.90032728434307E-03
 -2.00411059656402E-03
 -2.10473659265894E-03
 -2.20177350896403E-03
 -0.002294787611533
 -2.38334436813257E-03
 -2.46700964157708E-03
 -2.54535090113463E-03
 -2.61793844864549E-03
 -2.68434665591151E-03
 -2.74415520984313E-03
 -2.79695036178926E-03
 -2.84232617742383E-03
 -2.87988578352327E-03
 -2.90924260793942E-03
 -2.93002160905531E-03
 -2.94186049100429E-03
 -2.94441090093842E-03
 -2.93733960464876E-03
 -2.92032963686842E-03
 -2.89308142262921E-03
 -2.85531386609442E-03
 -2.80676540335308E-03
 -2.74719501573555E-03
 -2.6763832002959E-03
 -2.59413289420313E-03
 -2.50027034989084E-03
 -2.39464595793269E-03
 -2.27713501473943E-03
 -2.1476384323112E-03
 -2.00608338742639E-03
 -1.85242390780517E-03
 -1.68664139295104E-03
 -1.50874506754744E-03
 -1.31877236546783E-03
 -1.11678924264587E-03
 -9.02890417247963E-04
 -6.77199535791213E-04
 -4.39869264056809E-04
 -1.9108130186035E-04
 6.89536790435472E-05
 3.39996174425648E-04
 6.21778064696477E-04
 9.14002909727126E-04
 1.21634632120683E-03
 1.52845641214075E-03
 1.8499543228643E-03
 2.18043482272383E-03
 2.51946698634824E-03
 2.86659494321276E-03
 3.22133869897562E-03
 3.58319502685093E-03
 3.95163842706804E-03
 4.32612215225997E-03
 4.7060792964168E-03
 5.09092394485136E-03
 5.48005238242246E-03
 5.87284435708877E-03
 0.006268664395685
 6.66686316864791E-03
 7.0667789002614E-03
 7.46773882084244E-03
 7.8690606571512E-03
 8.27005415718162E-03
 8.67002264537213E-03
 9.06826460417083E-03
 9.4640752777964E-03
 9.85674829395406E-03
 1.02455772991973E-02
 1.06298576035688E-02
 1.10088878301117E-02
 1.13819715648086E-02
 1.17484190024916E-02
 1.21075485842592E-02
 1.24586886219456E-02
 1.28011789052102E-02
 1.31343722868487E-02
 0.013457636241977
 1.37703543967994E-02
 1.40719280227459E-02
 1.43617774918519E-02
 1.46393436893509E-02
 1.49040893795616E-02
 1.51555005212766E-02
 1.53930875289907E-02
 1.56163864764543E-02
 1.58249602391935E-02
 1.60183995728036E-02
 1.61963241239999E-02
